12	1	5.00E+03	0.3	2	10	1			
1	0.10	0.00	0.00	180.00	1	0.10
2	1.50	0.00	0.00	180.00	0	0.00
3	2.90	0.00	0.00	180.00	1	0.10
4	3.00	0.10	90.00	270.00	1	0.10
5	3.00	1.50	90.00	270.00	0	0.00
6	3.00	2.90	90.00	270.00	1	0.10
7	2.90	3.00	180.00	360.00	1	0.10
8	1.50	3.00	180.00	360.00	0	0.00
9	0.10	3.00	180.00	360.00	1	0.10
10	0.00	2.90	-90.00	90.00	1	0.10
11	0.00	1.50	-90.00	90.00	0	0.00
12	0.00	0.10	-90.00	90.00	1	0.10				
1	3	0	-1		
4	6	1	0		
7	9	0	1		
10	12	-1	0		
0	0	0	0						
9	3				
1	0	0	0.33333	0.00
2	0	0	5.00000	0.00
3	0	0	9.66667	0.00
4	0	0	0.33333	-10.00
5	0	0	5.00000	-10.00
6	0	0	9.66667	-10.00
7	0	0	-9.66667	10.00
8	0	0	-5.00000	10.00
9	0	0	-0.33333	10.00
10	1	0	0.00000	0.00
11	1	0	0.00000	0.00
12	1	1	0.00000	0.00						
13	1.50	1.50							
13	13	0	0		
0	0	0	0						
1	13	2			
0	0	0			
